             NaN  -5.000000e+000
  -1.7376717e+02  -3.1678499e+01
  -1.7227521e+02  -3.1927284e+01
  -1.7193915e+02  -3.2261754e+01
  -1.6574150e+02  -3.5594370e+01
  -1.6457328e+02  -3.5920788e+01
  -1.6405741e+02  -3.5565944e+01
  -1.6139489e+02  -3.1908971e+01
  -1.6125790e+02  -3.1552615e+01
  -1.6077972e+02  -3.1213100e+01
  -1.5820631e+02  -2.8784016e+01
  -1.5793133e+02  -2.8441994e+01
  -1.5751601e+02  -2.8153022e+01
  -1.5611356e+02  -2.7058537e+01
  -1.5578015e+02  -2.6767805e+01
  -1.5456700e+02  -2.6540085e+01
  -1.5329609e+02  -2.6287530e+01
  -1.5216684e+02  -2.6047977e+01
  -1.5108173e+02  -2.6126651e+01
  -1.5021750e+02  -2.6184563e+01
  -1.4911145e+02  -2.6254179e+01
  -1.4692665e+02  -2.6570316e+01
  -1.4577410e+02  -2.6624436e+01
  -1.4485712e+02  -2.6663344e+01
  -1.4368926e+02  -2.6707656e+01
  -1.4259060e+02  -2.6515173e+01
  -1.3857962e+02  -2.5716034e+01
  -1.3762871e+02  -2.5501761e+01
  -1.3654235e+02  -2.5511768e+01
  -1.3264951e+02  -2.5503689e+01
  -1.3156457e+02  -2.5489810e+01
  -1.3047407e+02  -2.5603957e+01
  -1.2949912e+02  -2.5700114e+01
  -1.2837898e+02  -2.5804823e+01
  -1.2596294e+02  -2.5916483e+01
  -1.2485979e+02  -2.5870025e+01
  -1.2399765e+02  -2.5829712e+01
  -1.2291040e+02  -2.5774671e+01
  -1.2174276e+02  -2.5845932e+01
  -1.2070623e+02  -2.5904458e+01
  -1.1951794e+02  -2.5964491e+01
  -1.1868858e+02  -2.6184767e+01
  -1.1793989e+02  -2.6374979e+01
  -1.1706276e+02  -2.6589164e+01
  -1.1605729e+02  -2.6898690e+01
  -1.1486015e+02  -2.7245317e+01
  -1.1375300e+02  -2.7545858e+01
  -1.1277227e+02  -2.7912262e+01
  -1.1150137e+02  -2.8350235e+01
  -1.1037894e+02  -2.8707830e+01
  -1.0982674e+02  -2.8406510e+01
  -1.0562028e+02  -2.5396151e+01
  -1.0528835e+02  -2.5086887e+01
  -1.0466271e+02  -2.4838418e+01
  -1.0248551e+02  -2.3887733e+01
  -1.0194906e+02  -2.3631652e+01
  -1.0109649e+02  -2.3256407e+01
  -1.0007942e+02  -2.2780367e+01
  -9.9305966e+01  -2.2397582e+01
  -9.8336802e+01  -2.2178474e+01
  -9.7297312e+01  -2.1930785e+01
  -9.6377766e+01  -2.1701438e+01
  -9.5252138e+01  -2.1483293e+01
  -9.3924886e+01  -2.1210506e+01
  -9.2857874e+01  -2.0977265e+01
  -9.2057748e+01  -2.0649978e+01
  -9.1126640e+01  -2.0249756e+01
  -9.0384206e+01  -1.9914655e+01
  -8.9621218e+01  -1.9705021e+01
  -8.4658041e+01  -1.8129379e+01
  -8.4012739e+01  -1.7894141e+01
  -8.3435486e+01  -1.7723849e+01
  -8.1414095e+01  -1.7089032e+01
  -8.0874861e+01  -1.6908728e+01
  -7.9930852e+01  -1.6674458e+01
  -7.8769868e+01  -1.6372489e+01
  -7.7868199e+01  -1.6125254e+01
  -7.6958983e+01  -1.6040510e+01
  -7.3148884e+01  -1.5611232e+01
  -7.2280405e+01  -1.5495919e+01
  -7.1232207e+01  -1.5523478e+01
  -6.9913729e+01  -1.5546377e+01
  -6.8863066e+01  -1.5556431e+01
  -6.7959966e+01  -1.5589958e+01
  -6.6930440e+01  -1.5621048e+01
  -6.6023041e+01  -1.5641556e+01
  -6.5203682e+01  -1.5772232e+01
  -6.4291821e+01  -1.5910262e+01
  -6.3453545e+01  -1.6031043e+01
  -6.2455734e+01  -1.6103059e+01
  -6.1242709e+01  -1.6180365e+01
  -6.0234692e+01  -1.6236602e+01
  -5.9367738e+01  -1.6331425e+01
  -5.8404725e+01  -1.6430153e+01
  -5.7523899e+01  -1.6513424e+01
  -5.6554083e+01  -1.6659849e+01
  -5.5364538e+01  -1.6827123e+01
  -5.4367199e+01  -1.6957955e+01
  -5.3454263e+01  -1.7015448e+01
  -5.2444471e+01  -1.7071946e+01
  -5.1521673e+01  -1.7117703e+01
  -5.0493710e+01  -1.7220551e+01
  -4.9238283e+01  -1.7335626e+01
  -4.8189846e+01  -1.7422600e+01
  -4.7271015e+01  -1.7562736e+01
  -4.6212435e+01  -1.7714556e+01
  -4.5272738e+01  -1.7842073e+01
  -4.4745169e+01  -1.8045228e+01
  -4.2722833e+01  -1.8774406e+01
  -4.2149536e+01  -1.8967701e+01
  -4.1704401e+01  -1.9237194e+01
  -3.6703937e+01  -2.1787161e+01
  -3.6113447e+01  -2.2039963e+01
  -3.5201381e+01  -2.2128370e+01
  -3.4393773e+01  -2.2202707e+01
  -3.3468973e+01  -2.2282700e+01
  -3.2499427e+01  -2.2152704e+01
  -2.8792298e+01  -2.1588892e+01
  -2.7893231e+01  -2.1435352e+01
  -2.6700392e+01  -2.1440288e+01
  -2.5342854e+01  -2.1436832e+01
  -2.4148724e+01  -2.1424898e+01
  -2.3258169e+01  -2.1647030e+01
  -2.2270422e+01  -2.1882217e+01
  -2.1334556e+01  -2.2094708e+01
  -2.0492014e+01  -2.2379552e+01
  -1.9498914e+01  -2.2699155e+01
  -1.8593863e+01  -2.2975601e+01
  -1.7534007e+01  -2.2887519e+01
  -1.6500403e+01  -2.2794810e+01
  -1.5463320e+01  -2.2695316e+01
  -1.4479598e+01  -2.2677070e+01
  -1.3615453e+01  -2.2657520e+01
  -1.2636593e+01  -2.2629712e+01
  -1.1438106e+01  -2.2617219e+01
  -1.0146925e+01  -2.2595003e+01
  -8.9564663e+00  -2.2565837e+01
  -8.0216165e+00  -2.2608244e+01
  -4.5561499e+00  -2.2723820e+01
  -3.6053135e+00  -2.2744263e+01
  -2.4498987e+00  -2.2851557e+01
  -1.1840715e+00  -2.2958811e+01
  -2.5966475e-04  -2.3050468e+01
   9.7068544e-01  -2.3048035e+01
   1.7816562e+00  -2.3042270e+01
   2.7511524e+00  -2.3030910e+01
   3.7234221e+00  -2.3108431e+01
   1.0384020e+01  -2.3499564e+01
   1.1413078e+01  -2.3538726e+01
   1.2386969e+01  -2.3479655e+01
   1.3200234e+01  -2.3426320e+01
   1.4160481e+01  -2.3358569e+01
   1.5186157e+01  -2.3377384e+01
   1.6089839e+01  -2.3390442e+01
   1.7116138e+01  -2.3399449e+01
   1.8277925e+01  -2.3291690e+01
   1.9493722e+01  -2.3169954e+01
   2.0625745e+01  -2.3048090e+01
   2.1622402e+01  -2.2839097e+01
   2.2674301e+01  -2.2608043e+01
   2.3620839e+01  -2.2388704e+01
   2.4585593e+01  -2.2358483e+01
   2.5431579e+01  -2.2328694e+01
   2.6386921e+01  -2.2289483e+01
   2.7442372e+01  -2.2328649e+01
   2.8484529e+01  -2.2360185e+01
   2.9547810e+01  -2.2387374e+01
   3.0507542e+01  -2.2532718e+01
   3.1466662e+01  -2.2669556e+01
   3.2459782e+01  -2.2804471e+01
   3.3552023e+01  -2.2808163e+01
   3.4625112e+01  -2.2805701e+01
   3.5716723e+01  -2.2797008e+01
   3.6659184e+01  -2.2706437e+01
   3.7481241e+01  -2.2622828e+01
   3.8404492e+01  -2.2523610e+01
   3.8932027e+01  -2.2172184e+01
   4.0966650e+01  -2.0655766e+01
   4.1396179e+01  -2.0298079e+01
   4.2016837e+01  -2.0106959e+01
   4.4195144e+01  -1.9386160e+01
   4.4762066e+01  -1.9184893e+01
   4.5736338e+01  -1.8945133e+01
   4.6896621e+01  -1.8643785e+01
   4.7821871e+01  -1.8391081e+01
   4.8772024e+01  -1.8247383e+01
   4.9835495e+01  -1.8076725e+01
   5.0758173e+01  -1.7920567e+01
   5.1615781e+01  -1.7884711e+01
   6.2366518e+01  -1.6981545e+01
   6.3153430e+01  -1.6880062e+01
   6.3958612e+01  -1.6838938e+01
   6.4747534e+01  -1.6793380e+01
   6.5546430e+01  -1.6743242e+01
   6.6558302e+01  -1.6648483e+01
   6.7772274e+01  -1.6523971e+01
   6.8764704e+01  -1.6413368e+01
   6.9717448e+01  -1.6470292e+01
   7.3872934e+01  -1.6638675e+01
   7.4843294e+01  -1.6659662e+01
   7.5848988e+01  -1.6766546e+01
   7.7078067e+01  -1.6886230e+01
   7.8102905e+01  -1.6977025e+01
   7.9042394e+01  -1.7223546e+01
   8.0248566e+01  -1.7523705e+01
   8.1234251e+01  -1.7755051e+01
   8.2054528e+01  -1.7976288e+01
   8.3006712e+01  -1.8222539e+01
   8.3862358e+01  -1.8433769e+01
   8.4433838e+01  -1.8644733e+01
   8.6701619e+01  -1.9421879e+01
   8.7329404e+01  -1.9621072e+01
   8.7855153e+01  -1.9824310e+01
   8.9824116e+01  -2.0534492e+01
   9.0400433e+01  -2.0728552e+01
   9.0841497e+01  -2.0967818e+01
   9.2534538e+01  -2.1827469e+01
   9.3030681e+01  -2.2061004e+01
   9.3673143e+01  -2.2297779e+01
   9.8501985e+01  -2.3832004e+01
   9.9293184e+01  -2.4048362e+01
   1.0014543e+02  -2.4431175e+01
   1.0127878e+02  -2.4906416e+01
   1.0223154e+02  -2.5280662e+01
   1.0291654e+02  -2.5673168e+01
   1.0380533e+02  -2.6150092e+01
   1.0458090e+02  -2.6538313e+01
   1.0569033e+02  -2.6826667e+01
   1.0701003e+02  -2.7149035e+01
   1.0822516e+02  -2.7426959e+01
   1.0935488e+02  -2.7548413e+01
   1.1025945e+02  -2.7641170e+01
   1.1143144e+02  -2.7753412e+01
   1.1375180e+02  -2.7545266e+01
   1.1511283e+02  -2.7514399e+01
   1.1630423e+02  -2.7480706e+01
   1.1764995e+02  -2.7436716e+01
   1.1885641e+02  -2.7516658e+01
   1.1981702e+02  -2.7574621e+01
   1.2104960e+02  -2.7644474e+01
   1.2174860e+02  -2.7888987e+01
   1.2235845e+02  -2.8093121e+01
   1.2311146e+02  -2.8334089e+01
   1.2427496e+02  -2.8517839e+01
   1.2533191e+02  -2.8674683e+01
   1.2656368e+02  -2.8848397e+01
   1.2771799e+02  -2.8565648e+01
   1.2890365e+02  -2.8254801e+01
   1.2994523e+02  -2.7962086e+01
   1.3065740e+02  -2.7606685e+01
   1.3141986e+02  -2.7200859e+01
   1.3204835e+02  -2.6841177e+01
   1.3317401e+02  -2.6601182e+01
   1.3432216e+02  -2.6341670e+01
   1.3536692e+02  -2.6091692e+01
   1.3650178e+02  -2.6087764e+01
   1.3739339e+02  -2.6079834e+01
   1.3852314e+02  -2.6065642e+01
   1.3952937e+02  -2.6276570e+01
   1.4376939e+02  -2.7057566e+01
   1.4493207e+02  -2.7244582e+01
   1.4764370e+02  -2.7320067e+01
   1.4867180e+02  -2.7129926e+01
   1.4955261e+02  -2.6959084e+01
   1.5052442e+02  -2.6761522e+01
   1.5166625e+02  -2.6684584e+01
   1.5255604e+02  -2.6621364e+01
   1.5367176e+02  -2.6535867e+01
   1.5438461e+02  -2.6818656e+01
   1.5511846e+02  -2.7094729e+01
   1.5589342e+02  -2.7373878e+01
   1.5643149e+02  -2.7674961e+01
   1.5882017e+02  -2.8849241e+01
   1.5951154e+02  -2.9143773e+01
   1.5969057e+02  -2.9453295e+01
   1.6219568e+02  -3.2445280e+01
   1.6256641e+02  -3.2751813e+01
   1.6266421e+02  -3.3080083e+01
   1.6599144e+02  -3.7306308e+01
   1.6675607e+02  -3.7632309e+01
   1.6847076e+02  -3.7286051e+01
   1.6986503e+02  -3.6917435e+01
   1.7090639e+02  -3.6567928e+01
   1.7124818e+02  -3.6235163e+01
   1.7260434e+02  -3.3908660e+01
   1.7271663e+02  -3.3575430e+01
   1.7302678e+02  -3.3291185e+01
   1.7397196e+02  -3.2244114e+01
   1.7418631e+02  -3.1959185e+01
   1.7563078e+02  -3.1703577e+01
   1.7695964e+02  -3.1447596e+01
   1.7823760e+02  -3.1182609e+01
  -1.7999952e+02  -3.0915525e+01
  -1.7647704e+02  -3.1170093e+01
  -1.7514759e+02  -3.1428915e+01
