NaN     -5.5
0	-12.86471719
0.89	-12.85836953
1.4	-1.28E+01
1.9	-12.86007852
2.4	-12.79904336
2.96	-12.71188516
4.13	-12.66134805
4.76	-12.59274453
5.38	-12.54049844
6.01	-12.55343789
6.64	-12.4333207
7.26	-12.38449258
8.41	-12.30661172
9.04	-12.22043008
10.19	-12.10543984
10.84	-12.04001016
12	-11.96261758
13.17	-11.81027383
13.8	-11.77072305
14.96	-11.69552773
15.59	-11.61398477
16.76	-11.510225
17.92	-11.37130898
18.55	-11.33419961
19.18	-11.29318398
19.8	-11.20163125
20.43	-11.16012734
21.06	-11.06051797
22.2	-1.10E+01
22.85	-10.92599648
24	-10.84176797
24.63	-10.78683633
25.79	-10.71066445
26.42	-10.61618203
27.05	-10.61691445
27.67	-10.56222695
28.3	-10.49435586
28.93	-10.50216836
29.54	-10.44064492
30.7	-10.4020707
31.33	-10.37680215
31.96	-10.3551957
32.58	-10.34384316
33.21	-10.32797402
33.84	-10.3260209
34.44	-10.32907266
35.61	-10.32113809
36.24	-10.31796426
36.87	-10.34579629
37.49	-10.353975
38.12	-10.34933633
38.75	-10.36227578
39.35	-10.37021035
40.52	-10.41342324
41.15	-10.43380898
41.77	-10.44003457
42.92	-10.47543496
44.09	-10.47934121
44.74	-10.51754922
45.36	-10.48056191
45.99	-10.51107949
46.62	-10.58078164
47.22	-10.54672402
48.39	-10.53830117
49.02	-10.58908242
50.18	-10.58200234
51.35	-10.61740273
51.98	-10.64474648
53.14	-10.64499063
53.77	-10.67477578
54.4	-10.67917031
55.03	-10.70382852
55.65	-10.73288125
56.28	-10.71335
56.89	-10.68625039
58.05	-10.7668168
58.68	-10.77023477
59.85	-10.87057656
61.01	-10.90890664
61.64	-10.94870156
62.81	-11.02926797
63.95	-11.12692422
64.6	-11.15451211
65.23	-11.22995156
66.38	-11.34811563
67.02	-11.41330117
67.65	-11.51486367
68.28	-11.56418008
68.9	-11.68722695
69.51	-11.72653359
70.68	-11.83493203
71.3	-11.94210977
72.47	-12.11935586
73.1	-12.15158242
73.72	-12.29171914
74.35	-12.32492227
74.98	-12.49093789
75.6	-12.59787148
76.21	-12.69479531
77.38	-12.84054727
78	-12.92648477
79.17	-13.13717813
79.8	-13.18966836
80.43	-13.28708047
81.05	-13.34591836
81.68	-13.40890664
82.31	-13.49972695
83.45	-13.55441445
84.62	-13.66012734
85.25	-13.72848672
86.42	-13.82418984
87.04	-13.81271523
88.21	-13.92135781
88.84	-13.9242875
89.47	-13.94333047
90.09	-13.95529336
90.72	-13.96701211
91.34	-14.05343789
91.95	-14.07223672
93.12	-14.1183793
93.75	-14.15841836
94.91	-14.20260781
96.08	-14.35006875
96.71	-14.37008828
97.33	-14.50534219
97.96	-14.50851602
98.59	-14.65085
99.21	-14.69235391
99.84	-14.71139688
100.45	-14.84567422
101.07	-15.00680703
101.7	-15.09567422
102.33	-15.16793984
102.95	-15.27682656
103.58	-15.35299844
104.19	-15.48092813
105.35	-15.7524125
105.98	-15.89010781
107.15	-16.10788125
107.77	-16.2367875
108.4	-16.41793984
109.03	-16.52731484
109.65	-16.65280313
110.28	-16.70309609
110.89	-16.86227578
112.05	-17.04586953
112.68	-17.13913125
113.85	-17.35690469
115.01	-17.48385781
115.64	-17.56979531
116.81	-17.77145547
117.43	-17.85592813
118.6	-17.97506875
119.23	-18.09713906
119.85	-18.16208047
120.48	-18.32516641
121.11	-18.38620156
121.73	-18.47018594
122.34	-18.56198281
123.51	-18.74167031
124.14	-18.86667031
124.76	-19.03415078
125.39	-19.14108438
126.01	-19.27682656
126.64	-19.47311563
127.27	-19.6430375
127.87	-19.82321328
128.5	-19.99411172
129.13	-20.21237344
129.75	-20.37692422
130.38	-20.60641641
131.01	-20.84225625
132.16	-21.34030313
132.78	-21.61813516
133.41	-21.93112344
134.04	-22.20309609
134.66	-22.54001016
135.29	-22.87252969
135.92	-23.22506875
136.52	-23.57760781
137.67	-24.30807656
138.32	-24.73092813
138.94	-25.16061563
139.57	-25.59030313
140.2	-26.07174844
140.82	-26.5571
141.45	-26.99557656
142.6	-27.88131875
143.23	-28.29538125
143.85	-28.75534219
144.48	-29.18698281
145.11	-29.57956094
145.73	-29.91061563
146.36	-30.24362344
146.97	-30.48190469
148.13	-30.76120156
148.76	-30.74069375
149.92	-30.64596719
150.55	-30.55807656
151.18	-30.41940469
151.8	-30.28073281
152.43	-30.03561563
153.06	-29.87545938
153.68	-29.67917031
154.29	-29.39792031
155.46	-29.08151406
156.08	-28.8696
156.71	-28.59225625
157.34	-28.46823281
157.96	-28.29049844
158.59	-28.10885781
159.22	-28.00924844
159.82	-27.85495156
160.45	-27.81588906
161.08	-27.70065469
161.7	-27.53463906
162.33	-27.47995156
162.96	-27.41061563
164.1	-27.3149125
164.73	-27.28561563
165.9	-27.23092813
167.07	-27.18795938
167.69	-27.25729531
168.86	-27.28463906
170.03	-27.31002969
171.2	-27.42624063
171.82	-27.42819375
172.45	-27.53659219
173.08	-27.59323281
173.7	-27.60006875
174.33	-27.6821
174.96	-27.72311563
175.56	-27.75436563
176.19	-27.73874063
177.34	-27.75045938
177.98	-27.75924844
178.61	-27.72702188
179.24	-27.66354531
179.87	-27.60885781
180.47	-27.53268594
181.1	-27.47702188
181.73	-27.41061563
182.35	-27.25631875
182.98	-27.20163125
183.61	-27.01315469
184.75	-26.8774125
185.38	-26.81198281
186.55	-26.62448281
187.17	-26.57467813
187.8	-26.52389688
188.43	-26.51608438
189.05	-26.49069375
189.68	-26.55026406
190.31	-26.58737344
190.91	-26.66159219
192.08	-26.87838906
192.71	-27.05026406
193.33	-27.21920938
193.96	-27.49264688
194.59	-27.72702188
195.21	-28.0649125
195.84	-28.38229531
196.45	-28.66061563
197.61	-29.40280313
198.24	-29.77682656
198.87	-30.12545938
199.49	-30.42526406
200.12	-30.58151406
200.75	-30.75436563
201.37	-30.70065469
201.98	-30.58835
203.15	-29.99264688
203.77	-29.63913125
204.4	-29.10006875
205.03	-28.69284219
205.65	-28.14401406
206.28	-27.6899125
206.91	-27.22311563
207.51	-26.75631875
208.14	-26.34127969
208.77	-25.97311563
209.39	-25.66940469
210.02	-25.32370156
210.64	-25.04831094
211.79	-24.67135781
212.42	-24.48385781
213.59	-24.26706094
214.76	-24.09909219
215.38	-24.08444375
216.55	-24.14596719
217.18	-24.17526406
217.8	-24.25045938
218.43	-24.27389688
219.05	-24.28659219
219.68	-24.38717813
220.31	-24.42721719
220.91	-24.51315469
222.08	-24.57565469
222.71	-24.55026406
223.87	-24.50436563
224.5	-24.43014688
225.13	-24.2992875
225.75	-24.17038125
226.38	-24.03463906
227.01	-23.89499063
227.63	-23.71627969
228.24	-23.54733438
228.87	-23.32956094
229.49	-23.18600625
230.12	-23.00045938
230.75	-22.86764688
231.37	-22.71432656
231.98	-22.58346719
232.61	-22.43893594
233.23	-22.37887734
233.86	-22.29879922
234.49	-22.24606484
235.11	-22.18112344
235.72	-22.27536172
236.35	-22.27975625
236.97	-22.34567422
237.6	-22.36569375
238.23	-22.41501016
238.85	-22.53317422
239.46	-22.59127969
240.63	-22.81881875
241.25	-22.91354531
241.88	-23.0492875
242.51	-23.1430375
243.13	-23.25631875
243.76	-23.38131875
244.39	-23.44284219
244.99	-23.4946
246.16	-23.57370156
246.79	-23.64694375
247.41	-23.61374063
248.04	-23.52877969
248.67	-23.4711625
249.29	-23.34811563
249.92	-23.26999063
250.53	-23.14596719
251.69	-22.95358438
252.86	-22.61764688
253.49	-22.5024125
254.65	-22.26461953
255.28	-22.10739297
256.45	-21.79635781
257.07	-21.70993203
257.7	-21.60788125
258.33	-21.50924844
258.95	-21.40036172
259.58	-21.31149453
260.19	-21.16549844
260.81	-21.08346719
261.44	-20.99704141
262.07	-20.89987344
262.69	-20.77780313
263.32	-20.67477578
263.93	-20.57956094
265.09	-20.38424844
265.72	-20.28463906
266.89	-20.01510781
267.51	-19.90768594
268.14	-19.74508828
268.77	-19.6274125
269.4	-19.46139688
270.04	-19.25827188
270.71	-19.10446328
271.87	-18.75534219
272.5	-18.59713906
273.65	-18.27829141
274.84	-17.90915078
275.46	-17.72458047
276.63	-17.37643594
277.8	-17.07174844
278.42	-16.90768594
279.05	-16.74801797
279.68	-16.58444375
280.3	-16.38815469
280.93	-16.24411172
281.56	-16.10495156
282.16	-15.96823281
283.33	-15.69870156
284.5	-15.48190469
285.12	-15.37594766
285.75	-15.22360391
286.38	-15.11325234
287	-15.01217813
287.63	-14.89889688
288.24	-14.82321328
288.87	-14.68307656
289.5	-14.61618203
290.12	-14.45993203
290.75	-14.41256875
291.36	-14.34958047
292.52	-14.16085977
293.15	-14.11667031
294.32	-13.9699418
294.94	-13.90915078
295.57	-13.8239457
296.2	-13.70187539
296.83	-13.71017617
297.45	-13.59250039
298.06	-13.54001016
298.69	-13.4933793
299.31	-13.41378945
299.94	-13.35202188
300.57	-13.23581094
301.18	-13.17379922
301.8	-13.17599648
302.43	-13.10861367
303.06	-13.09420938
303.69	-13.01413125
304.29	-12.94210977
305.46	-12.85495156
306.09	-12.85251016
306.72	-12.78146523
307.34	-12.76828164
308.49	-12.6430375
309.14	-12.63449258
309.76	-12.53293008
310.37	-12.54538125
311.54	-12.46383828
312.16	-12.41378945
312.79	-12.37838906
313.42	-12.37887734
314.04	-12.31027383
314.67	-12.29342813
315.28	-12.28317422
316.45	-12.260225
317.07	-12.18185586
317.7	-12.17379922
318.33	-12.16476602
318.96	-12.11715859
319.57	-12.10959023
320.73	-12.10592813
321.36	-12.0961625
321.99	-12.07980508
322.61	-12.09762734
323.24	-12.10055703
323.87	-12.11496133
324.47	-12.07174844
325.1	-12.09591836
325.73	-12.06906289
326.36	-12.09298867
326.97	-12.07663125
328.14	-12.08029336
329.3	-12.16183633
330.47	-12.13302773
331.64	-12.16256875
332.27	-12.18722695
333.43	-12.19748086
334.6	-12.28000039
335.77	-12.35031289
336.4	-12.37228555
337.03	-12.40011758
337.66	-12.43893594
338.27	-12.45309609
338.9	-12.52243203
339.52	-12.54318398
340.15	-12.61886758
340.76	-12.61886758
341.93	-12.64987344
343.1	-12.76266641
344.26	-12.84103555
345.43	-12.92990273
346.06	-12.96627969
346.69	-12.98092813
347.32	-12.98117227
347.95	-13.02633828
348.55	-13.06637734
349.18	-13.02560586
349.81	-13.09835977
350.44	-13.07736367
351.05	-13.041475
352.21	-13.11081094
352.84	-13.12521523
353.47	-13.06637734
354.1	-13.11105508
354.71	-13.09958047
355.88	-13.04245156
357.05	-13.00705117
358.06	-12.99972695
358.56	-12.96701211
359.06	-12.93918008
359.57	-12.90939492

